1.606543828244848982e+00
1.231554793008678095e+00
9.949015338798218311e-01
6.934362011235348788e-01
4.703822912087298191e-01
1.819134275047311622e-01
-8.970049420822058528e-03
-1.868540567318581827e-02
-3.330049951511202533e-01
-6.307753497515833363e-01
-8.351406121074719247e-01
-1.020835338121093727e+00
-1.297019829710436722e+00
-1.544411566155785787e+00
-1.983942342823467042e+00
-2.129129786406789737e+00
-2.749803352044129401e+00
-3.400960874033356784e+00
-4.498283480587212502e+00
-4.727769091186613259e+00
